5.1 6973.13
5.10201 6981.49
5.10401 6989.99
5.10602 6998.61
5.10803 7007.36
5.11003 7016.21
5.11204 7062.91
5.11405 7074.7
5.11605 7086.7
5.11806 7098.92
5.12007 7111.34
5.12207 7123.97
5.12408 7136.79
5.12609 7149.8
5.12809 7162.98
5.1301 7176.34
5.13211 7189.87
5.13411 7203.56
5.13612 7217.41
5.13813 7231.4
5.14013 7245.54
5.14214 7259.81
5.14415 7274.21
5.14615 7288.73
5.14816 7303.37
5.15017 7318.11
5.15217 7332.96
5.15418 7347.91
5.15619 7362.95
5.15819 7378.07
5.1602 7393.26
5.16221 7408.53
5.16421 7423.86
5.16622 7439.25
5.16823 7454.69
5.17023 7470.17
5.17224 7485.69
5.17425 7501.25
5.17625 7516.82
5.17826 7532.42
5.18027 7548.03
5.18227 7563.64
5.18428 7579.26
5.18629 7594.86
5.18829 7610.45
5.1903 7626.03
5.19231 7641.57
5.19431 7657.08
5.19632 7672.55
5.19833 7687.98
5.20033 7703.35
5.20234 7718.66
5.20435 7733.91
5.20635 7749.08
5.20836 7764.17
5.21037 7779.18
5.21237 7794.1
5.21438 7808.92
5.21639 7823.64
5.21839 7838.24
5.2204 7852.73
5.22241 7897.5
5.22441 7913.96
5.22642 7930.39
5.22843 7946.81
5.23043 7963.2
5.23244 7979.57
5.23445 7995.91
5.23645 8012.22
5.23846 8028.49
5.24047 8044.73
5.24247 8060.92
5.24448 8077.08
5.24649 8093.19
5.24849 8109.26
5.2505 8125.28
5.25251 8141.25
5.25452 8157.16
5.25652 8173.02
5.25853 8188.81
5.26054 8204.55
5.26254 8220.22
5.26455 8235.83
5.26656 8251.36
5.26856 8266.83
5.27057 8282.22
5.27258 8297.53
5.27458 8312.76
5.27659 8327.92
5.2786 8342.99
5.2806 8357.97
5.28261 8372.86
5.28462 8387.66
5.28662 8402.37
5.28863 8416.97
5.29064 8431.48
5.29264 8445.89
5.29465 8460.19
5.29666 8474.39
5.29866 8488.48
5.30067 8502.45
5.30268 8516.31
5.30468 8530.05
5.30669 8543.67
5.3087 8557.17
5.3107 8570.55
5.31271 8583.8
5.31472 8596.92
5.31672 8609.9
5.31873 8622.75
5.32074 8635.47
5.32274 8648.04
5.32475 8660.47
5.32676 8672.76
5.32876 8684.89
5.33077 8696.88
5.33278 8708.72
5.33478 8744.06
5.33679 8757.28
5.3388 8770.43
5.3408 8783.51
5.34281 8796.51
5.34482 8809.45
5.34682 8822.31
5.34883 8835.1
5.35084 8847.82
5.35284 8860.48
5.35485 8873.06
5.35686 8885.57
5.35886 8898.02
5.36087 8910.39
5.36288 8922.7
5.36488 8934.94
5.36689 8947.11
5.3689 8959.21
5.3709 8971.24
5.37291 8983.21
5.37492 8995.11
5.37692 9006.94
5.37893 9018.71
5.38094 9030.41
5.38294 9042.05
5.38495 9053.62
5.38696 9065.12
5.38896 9076.56
5.39097 9087.93
5.39298 9099.24
5.39498 9110.49
5.39699 9121.67
5.399 9132.79
5.401 9143.84
5.40301 9154.83
5.40502 9165.76
5.40702 9176.62
5.40903 9187.43
5.41104 9198.17
5.41304 9208.85
5.41505 9219.46
5.41706 9230.02
5.41906 9240.51
5.42107 9250.95
5.42308 9261.32
5.42508 9271.64
5.42709 9281.89
5.4291 9292.08
5.4311 9302.22
5.43311 9312.29
5.43512 9322.31
5.43712 9332.27
5.43913 9342.17
5.44114 9352.01
5.44314 9361.8
5.44515 9385.09
5.44716 9395.71
5.44916 9406.33
5.45117 9416.95
5.45318 9427.56
5.45518 9438.16
5.45719 9448.76
5.4592 9459.37
5.4612 9469.97
5.46321 9480.58
5.46522 9491.19
5.46722 9501.81
5.46923 9512.44
5.47124 9523.08
5.47324 9533.73
5.47525 9544.39
5.47726 9555.07
5.47926 9565.77
5.48127 9576.48
5.48328 9587.22
5.48528 9597.97
5.48729 9608.75
5.4893 9619.56
5.4913 9630.39
5.49331 9641.25
5.49532 9652.15
5.49732 9663.07
5.49933 9674.03
5.50134 9685.02
5.50334 9696.06
5.50535 9707.13
5.50736 9718.24
5.50936 9729.39
5.51137 9740.59
5.51338 9751.84
5.51538 9763.13
5.51739 9774.47
5.5194 9785.86
5.5214 9797.3
5.52341 9808.8
5.52542 9820.36
5.52742 9831.97
5.52943 9843.64
5.53144 9855.38
5.53344 9867.17
5.53545 9879.03
5.53746 9890.96
5.53946 9902.95
5.54147 9915.02
5.54348 9927.16
5.54548 9939.36
5.54749 9951.65
5.5495 9964.01
5.55151 9976.45
5.55351 9988.97
5.55552 10001.6
5.55753 10016.7
5.55953 10029.6
5.56154 10042.6
5.56355 10055.7
5.56555 10068.8
5.56756 10082.1
5.56957 10095.5
5.57157 10108.9
5.57358 10122.5
5.57559 10136.1
5.57759 10149.9
5.5796 10163.7
5.58161 10177.7
5.58361 10191.8
5.58562 10205.9
5.58763 10220.2
5.58963 10234.6
5.59164 10249.1
5.59365 10263.7
5.59565 10278.5
5.59766 10293.3
5.59967 10308.3
5.60167 10323.4
5.60368 10338.6
5.60569 10353.9
5.60769 10369.4
5.6097 10384.9
5.61171 10400.7
5.61371 10416.5
5.61572 10432.5
5.61773 10448.6
5.61973 10464.8
5.62174 10481.1
5.62375 10497.6
5.62575 10514.3
5.62776 10531.1
5.62977 10548
5.63177 10565
5.63378 10582.2
5.63579 10599.6
5.63779 10617.1
5.6398 10634.7
5.64181 10652.5
5.64381 10670.5
5.64582 10688.6
5.64783 10706.8
5.64983 10725.2
5.65184 10743.8
5.65385 10762.5
5.65585 10781.4
5.65786 10800.4
5.65987 10819.6
5.66187 10839
5.66388 10858.6
5.66589 10878.3
5.66789 10887.3
5.6699 10906.5
5.67191 10925.8
5.67391 10945.2
5.67592 10964.8
5.67793 10984.5
5.67993 11004.3
5.68194 11024.2
5.68395 11044.2
5.68595 11064.4
5.68796 11084.6
5.68997 11105
5.69197 11125.5
5.69398 11146.1
5.69599 11166.9
5.69799 11187.7
5.7 11208.7
